Cyc (FRODO_1344|              1|              2|              3|              4|              5|              6|              7|              8
---------------------------------------------------------------------------------------------------
sampler        |      393.21875|      732.09375|      1222.1875|     1906.15625|       2839.625|      3957.6875|     5264.84375|     6781.84375
---------------------------------------------------------------------------------------------------
Rng (FRODO_1344|              1|              2|              3|              4|              5|              6|              7|              8
---------------------------------------------------------------------------------------------------
sampler        |            0.0|          1.375|          4.125|           8.25|          13.75|         20.625|         28.875|           38.5
---------------------------------------------------------------------------------------------------
Cyc (FRODO_976)|              1|              2|              3|              4|              5|              6|              7|              8
---------------------------------------------------------------------------------------------------
sampler        |       520.5625|      947.90625|     1564.65625|     2423.28125|      3598.8125|       5001.875|     6639.46875|     8539.90625
---------------------------------------------------------------------------------------------------
Rng (FRODO_976)|              1|              2|              3|              4|              5|              6|              7|              8
---------------------------------------------------------------------------------------------------
sampler        |            0.0|        1.71875|        5.15625|        10.3125|        17.1875|       25.78125|       36.09375|         48.125
---------------------------------------------------------------------------------------------------
Cyc (FRODO_640)|              1|              2|              3|              4|              5|              6|              7|              8
---------------------------------------------------------------------------------------------------
sampler        |        544.625|       981.6875|     1611.46875|     2487.65625|     3689.40625|     5119.96875|     6788.71875|       8726.125
---------------------------------------------------------------------------------------------------
Rng (FRODO_640)|              1|              2|              3|              4|              5|              6|              7|              8
---------------------------------------------------------------------------------------------------
sampler        |            0.0|           1.75|           5.25|           10.5|           17.5|          26.25|          36.75|           49.0
---------------------------------------------------------------------------------------------------
Cyc (HAWK512_T0|              1|              2|              3|              4|              5|              6|              7|              8
---------------------------------------------------------------------------------------------------
sampler        |      3340.1875|     6281.59375|    10528.96875|    15548.90625|    23051.71875|      31940.375|    42426.71875|    54479.21875
---------------------------------------------------------------------------------------------------
Rng (HAWK512_T0|              1|              2|              3|              4|              5|              6|              7|              8
---------------------------------------------------------------------------------------------------
sampler        |            0.0|         11.875|         35.625|          71.25|         118.75|        178.125|        249.375|          332.5
---------------------------------------------------------------------------------------------------
Cyc (HAWK512_T1|              1|              2|              3|              4|              5|              6|              7|              8
---------------------------------------------------------------------------------------------------
sampler        |     2896.59375|     5440.21875|      9120.5625|    14225.53125|    20053.71875|      27763.625|       36846.25|      47340.625
---------------------------------------------------------------------------------------------------
Rng (HAWK512_T1|              1|              2|              3|              4|              5|              6|              7|              8
---------------------------------------------------------------------------------------------------
sampler        |            0.0|       10.28125|       30.84375|        61.6875|       102.8125|      154.21875|      215.90625|        287.875
---------------------------------------------------------------------------------------------------
